$ANSIBLE_VAULT;1.1;AES256
62643964396631326137613432333433663266636233613761643236306462353664663964346663
6265336364633966396161636533353161363062663639380a366665393634326436643839653532
62636139303364633433373232666338376130316534333264303664306139393166653733613363
6137633761326562640a616339663332383735643466653965646138643534613265376565306536
33663037643566316466353266613030663634353039333163373237363262623633346465373031
64373466393636396264336231323861313530613632306262326166383263306631616635626137
31616238626366663964623835643331366138336239303662383537356461376639363332396363
35383865376532666137616631613439653938363362623036363234383232303839623631373934
64396135353266646266346138613437626331333264353565313663636463303333643561313830
32633436313465303264663939346136366461653265363937623435383238613134373464613730
36663163386231346265626131663132653330613136336166306461396266306631626138353465
30333963656266353930353261363430353031323963326237353433653731386634643039626666
36373038313562623330356638393237356266373564303530373634303833356562636134316537
34323434663839663931613235353034333437646366303739346439613530633039623665663739
62333034646136646431393064326161366466343230376563356663656231636134393864353664
30303061633064376535633564386533346466623837313339356132356465366338383833373039
37653530306363356263356239336361363531363361363833353764353936616133326532636563
33393731633264333239643034373835623762363365633033386539326332616266373132303139
66303962653033383265323438376465353765303561616336306239643564333136316434363266
33386562633261633331636366333462646530383736313161646334626435666335356431663232
37383762393433376632373532323763623932316661376230646537346135656334653439643838
62376435666133323965643331643562396364313036326664643837393861326463333534616633
35633732386164653536356364306438336465346535363139613266353935363036346233363930
62666562363831383561303539316663633661343562376264663830626438633931306363653564
65633633626436353139363632313432323137303239636239623637656433313362613237336533
64656565386564636534313066653232653361643463643632643634623563306632623561333861
39623533396530333739383633383233646564396239306566613664636138643935393633666137
30346163356631333138306363393837323939326139313937616561333635646262633330303838
36656363636535353331636134636461353630616162653961363234646235653734373533353031
34323366623766396237323963366365396433313532636532336264336535333735323433623262
65636565326431356535626563656262326261333236636336313639306563373931613034333166
63396231336132653263323932356436366664663864653461336135346536303731636633623961
32643365353131663534643162353534393838333962633763646164373338343830353836383533
30636437303130633063303764623138633235323065356131326535373065623865313964643463
61393839306536336462326133376538356236643135366230323731353662336334373033626633
61363035656234636337393963326264313231333466373438356337313134336363633463323232
37636139306561343433346336333634376634336236356632383362653235656539636139323737
33356264646337633830366233333661323964366435366665663433656466663435326662633264
66316230626631363465346532386665346563393634666133643165656234393764356536663834
66356566353237393339343431333134306462656161333464633863336336343066343065613463
39323361623763643739373539363631343465623631306138393563363661623032646533353135
31646430666533353762613432303735626636656639386535336439313662396535323337643731
30396530616635343165336366346662376331613866323530663935323736353234656661373966
38376632623666663961353139643731386130666231313738663161313636363939666465623562
64366632373733323532643063346436393865343633353861653535333362393262373834663636
36373364336466346533623066613833333463666264303463663931396433303631613731326665
66373136396366343034366337373862386662623035626235326562343761396536313665613035
31646563613539646131636562336132343462313630633835396132333334376562383330616431
33623166643162393564383035393032393064383133383466363137313235383633643665313465
65663062323263363361346463353331383563613864313330396238326562396536356462313566
64333739333333353531336537626431666439613435333132393837356230386133333038626431
39333933323463363366616661343634323536656234313933353762616166336237333135643461
61613837393137313632623036336638613264383865346637316637333139363464383838616137
38663236333761313033306164386432623638346435343665633464333034623036346334373231
30326335353462366436363439653535303537623931313637656537376566306633636361663765
65633535363563373761633939373064303732663939393533303434333432303333303539333435
63333138623161643737313661653731623837353532366465303039346536353562613032323233
30363938353836383939336562396637623530633837623366303237336130383035656238663363
64643237336233656636363331303433626661633038346534616265316665343461383039303634
61626362316631383833363062623461396239366566396535333330643539333065306561366239
31303665336635313837643565346561396464653236373938333634393032316234353338646536
39383934383738353261346466643738646335623764393333326364363364356664646431656665
35313131653764643865383937373531616431626535383032376632313832316532623633313566
32373436356136313465633363333961626432663237666630393231333561353961376331383833
30663637353932643563656363646361306463663639313132366661333133626332373032376131
35396530626532663137386361363462303031386665636462393839636165386636653135303234
38646437393166383461663361633863363230326237353766633264366438376336656534633932
39393937376366386236323938626264633931666630363961333731366166396438326232336163
63386132343664653638353362383462396334616537343965366531653731323836346361653130
38383336643761326662356164613265383139613431646662623035343562626136323765643131
66663535363663323039656536396165623966353363626638653931333464393464396336353338
39373438613630653031363866383331393636643234373661616531393431633939376638313239
32623139616463303939643635386634666164626366613830333364396135303837643239323661
35353961616535316135366464643038316630643134396639376361636266343964313761623137
38646531666134646631356466373563626364316663303637393461366637393133653534323731
64643037316237346631353661323132623531393861653561313831313661313334323634313661
65373235343431643036366637353533616637313238663637303130393462313335393338383239
30643933343330316238666538306237356630643636353539396233646364386632373634386330
61393933333938383439616662666462363132333066393733643732393532663165626336333635
37393138663863303130653133326331373736663361636165663065623963366233313437626331
33373936303332633665356434323238383334333532386532666639303839663736623134366266
63376164363036613634663265393263613337376532376335643133366532666133356236333963
39393662313866316632613236343530636632333631306238373563306130326538663536316134
66303039333664623736663833346533313565306663653964343564613664316233656637356131
65353937656464643933623035663761646531373134303731356135643066393564383335643731
65316265336165363063396463396134306261663331393862313731633866633639653134643035
62633964626462333166356564306230653637306235346263656639346361333566666565326338
31353537633866626162393533663136393430346136336137663232373839643937323262643761
39303261303238303534303232326337383939356438333565643237303337396231633866393534
34346662363333366463313832316265383162323832303237633062646235383134353666626634
66353032343561366565303261613762643630326536626337633965386664313166363761626665
38346164313137383138373936356431333064326136303636636134636661353631396332353535
63366462613061616566373036386530616362393134373431666135336162316436393165363039
62643464316464366239373862613535653734643763353635393033356638633231366334363437
36643435313866323635663033343464363634376266363862626361373062376664366365323163
36353638623966303465346136346237323662396332316233663437623332656330653139373537
38623935303634366461663338303035383564656636643733653737623464363632326534616132
34346430373730386234313332316435663334616561373062376532373864316339383033653363
33396333613765373137383964666366366330336266386162323238396362306630313737663639
32366466393866343233353537313530653364396531363337613730366162356433663738643964
35356238353939353863343038333038633861336561336635653432353662613039626165623062
39643039306338633562386631653461323738643030646536393833646339383566373731623230
33383736643061633265306531356464633232633330353133396561323862616537373961316134
30323335383333376566313931656365343430306233643239363962633564303266346136653261
66373065646635343566623333633739633937303838623136623435393961623033323737383838
65316233306538613764653664633333613030376337303063656431646164313565333430373836
32636337613332393461643162373530333462373164333461383738653665383964666131383839
32666534366465353139613638613033376433376166323365306165333837343632653636363031
62623035646232366336653865313962656231663439393062303366623465383064353261633735
37366265373233343663343635396665333433636262643535393731663563313336313135326563
34373464616362353030363632313630623437656632356165396566633530356439616339396565
61623035633861313663393135373063656330326263396236613361383463393464663338623066
35326133306430326238613639316538343166653361323832623363343235313632663730326462
64353166336338633263613231383062343034633634366362643333313036303131303137323564
36306231373434386264363463613037393632323536333363393766643663323431643164326361
65393531643766653639383139356434343362313564633536336532346232663431613561643832
66323065633464303133396561396330666664336536646538343133636430316366343066303731
34373536343562663331616166376462643266303061396632373236636466653862373465326634
66643561656130633066346233333439393462653338636563646231373732393361656465396331
61383763356336313161663762396431303766613230383539336333633466343631623432313038
64633366353966383266633437366534353430636131323937333962393162356136373662306632
64613662333965303832343736343036336561356535383662666638653861633731363332323566
30343764346631643539646435633435666466333531663164343938336164616362646235393332
39636262356535653137646531376332373934316461663832356633343636343935643335636363
33363663316636373663366232616264666433373839366538663764613638306363613665636464
36356262323161363464303330316566393861393962326333613236373961633339386362333636
35613937393162623133336365656562666162656562323239366137623762323736303532323230
32383233646162393038306530346462363731366131383733626364663036376561653435333233
63613065353566373331366232393032393766663138376161316533616134323666396638333032
62343364326530636334356463633966623832306665343234313432303730333062366364373135
61613963633137383837333939356566333836333166316338323930303566363934356135366339
35363765643335653966633838653862363034343462333432313066613563333466306565353466
62666337646431613264313037323963663938376237376438643766393331656334383164663765
61336335653663326634393030633462653233353966363538343935646534366561363731326336
37663333386565613264613839666530613963363130313733613533393332373236383838303632
63346533623564313333626330623638376362313630393437376163393535373731666535633363
30626437636663386532663961313438623138356132643737613434613232663134353230623166
39616363353434636539623266656664643934636464333662626439323161323464666562636462
66343633303364326262343537663835623865393536626235313531633532363361393632383338
34616262376164633132343062626332653163326362323361616434336164386436333861633366
66373837386333346332303765373939313764303565373731653463383563373962326363333562
34366639313131313430666636363738393436666265616130333934306239353236653534363438
36343864373565633732313064346133336164373838346538313163396138393263343333646430
36366630333330663761626336313962616235336262333736626133313966323439623665333037
35633539626131656566623434643366323432653538613961643064306264653439356436333635
65353435323661616337396235616437656631653332643538663739646239306434636334383662
31646365336363623332383363346666613034393665613332646231376233666531333636666461
62303539356532303731396132333933363831646632333736636263633861366431346462396464
62643633613339353839393462626662653237643361663731343935653838366134653630623331
39303231656136656338313761633061396661313634666465396166363638303262386431343833
35333231333132373835386465656137626635353831626431353064653137316263623934616433
30373138613637363266316666373030363234353937656331646134383334663564626433636330
66333736613133336432343239373533353435333464373464363839316133643437373532343366
32363166623163643364333933633938663439336131656334616138643338653736326232643762
39633761373637353263356566663861636434306436613061633030303433333563396336613664
66646265333231636438323264623032643531633835356165346362616561346262653832636339
37316366663239663435643964393764666163623561613662376335363566386630376138656361
64386565656536393831613030356332356434386164346463356332636238326161653133613734
64633364303432373732656234353262613137363237383439346338666138623235643765656138
62306265333965653531363436636263613863643039666330336464656561363938323465613637
38653532383938343735346136313836396634633534373062363338303564376138656538363733
66363532313964323235376564636361303138363032623334303164646231363334373964333636
38626638643964633333346530313663623533346264303536643838313265356561343665336366
64366537346238363661303031646261336230323039346639313732306533333936633231626434
32393237366237643934623331333834653264376635643735626564636335336561326431666636
37653538623035663137363437623931346230326337666336396431313531663639306631376531
66353833626137636666653135363762613938383633626361353661623665663537616335393536
31323130333634666139633937333362383135396635313430393739363137313665303438393735
62366439633163333836313261386234643139643733626238323165333434646533623463306131
66633065646632346136333135623531363738613031343235613235623935653736383734356237
66306634313334303932613630363265336165373135303335343139663738636633323930336138
31326330373637393062616139333139653537636632363839326630666230616636626565643133
33383230353932363734323364646132646433396237633665643561653963633139306363323265
66353735336136396265373939373335643664326630613634636530663266316362396331343362
66363865376464336137613134333736633763653132363837313338363066373035643834656134
65656132396562663937373161336561383766366130626566666164653062643739663834336536
61386232386561333662303466666134333630393935653131373532373761636137373636363137
66643163333731663834613262623061366262333666303833643236666536323961343333666436
32366262663164663830326266623963663432313262326665366237653430346338633763626637
35613836623936363161383931396462646166376433336364666433333235653738373936613563
39313738613430396235363336383862656137306661626131323137396437613265616630343361
66663763323163626131323037663166396632663439363034356666666136393635306666323763
61366137376166636465386134376634396161346337333432396537353061626631333566393335
64373861303930316135346565636139643265313038333434316638663632333666353233393034
61623439313663383665386336663335653564396531323662313962383462343631616334346531
39656662363366373534663966373030326362643036343038386433643666663162646335313936
37313530343530663230396330383861663339643835396130613137343064346630623732313766
34353466393231303234346631366362333835326338323138353862373233646532316263633563
35393166356630646537646261383834343632373030303661656133636336353763303036656136
36653335373632666237373161626234316363303834306263303031663038633366303365663539
30626233303635383361343664376264646564636137653461633837613564313634656137303363
64343262643335616164393138613961356233656465653161623932643234663533316335656133
66613135303863303134623263313330376564366438653430376236633939313033303931313262
37386565393166373362396266353633363661323165363038333935633331663331343561663338
36363164633965353830383632363464646530663634336634343636343134393263643063333837
65353136343439326538363963343132343931636431323030643665363265616336333833396331
30353534666232303430383964643333626264653966643533313663643339313536613864306261
38666662303534653438303764396530626166306365323765393161373839353339363034323661
31366330313331656662326662376262326563616135386535303339643366336633316134363933
61396237623766366332666332343865363666373338666238346461303835363131363835323737
65663536386435313464653436343239643730616566356430663164353836323834383362326166
36616465393539613562646438613139376131303764383439336164613863343632323162363563
34653139346633386236643463636538376539643738373164346234336239666265623232313630
31356235623335663836393461396138653634663633653135376536313435386535346364616632
65366439626363313037656131303662366266383837666636313338623430333939373866303239
65376338326637383132323034646434623634623965626262336437626266646338353465326333
62313364623866326566363336373361313137666132646134366533326164623265613630346230
31363937663133653534343137343263626633633033613035623062313631346539663830653530
38616230316133653730383035626532633239323965636163346463623262626331626364613566
31666162366535626134633663343630613035326565373538316164303735386438373731323865
31303132343665356263363534323462383065363064323439663937666562343535373433386138
36353232333037336332363538343931643332323139316461333935313666353437646639656635
38646662326130313835613438626433323664623533646432366366323261353737336261323161
61666165376362613730303965376164343464323836643765333236356632386664366633303839
33366663353931643032653732653735366661343133356632396461613534333633346430343239
35633135343636386634366433666233653039363361656163653930646232376334636338333930
32623466346531666165363632313036316132303438336431393762656339303861353464343364
33393261656334653031626138643561393935346234663234623132326363613136643235323836
65366266323363646639316661653633356438393733653463353232616431303864656631306266
66316430633534343032623261616661353835393465656663663935663866386531346337643331
64373537666234663037333065353934653830663531643664316138353435633763393761643333
31616330633061313135343661313561633166613338316638663164376634343133363631343362
66666235336539336635646539383564623235343365313236333532373132363934336433353064
39623562306362363735343665303835653633393163383538633932613963663165636431613637
39616337376264316434663931306138623664326433336263316439303836306330363034323734
64633535636362313130303137653636353535626534393633353962306161633739353463326637
63323861636262313531346531396332333662626165323131306531336361373966356231613038
32323438663236626666363430613330313235356237333465356361376635636336356339363263
63653439373933326464316665323931393463653731353464336661353166643239633666623030
62376138313633323563373664626237613938656362393333346334663337376632393630373261
66383438653636303237326235623765656432393063363932313263363536346236623136356262
39373761396366616134323661383630396434303933326631363664396533393531316265666336
37326431353865623930323131386561306536323162663438643264396566656464663834323265
32313761663239653032643331313464393539656265346230663561636432616631363766333335
65646232646464383962333831616335636564383336383735663238376362633264306165623962
30376536303763643462363838303337633937316165353361373235656263353862333135616137
32316463396636396235343236633737363232393935303261623462633763616563653863393539
35316430366462663235316665626364393266346665316465666534653230616135613538633032
38313034653532376164626237343864343264313831613063356562633535326333376632646634
36616337316563656561353134346634303134383062653231306261326232623337386461633932
66323561383265346165303966643762316133616534323233353833373061393532313539653362
30663633363733653164666232323266613235636162633065636166633462613966303961663261
34353365346533623638613864353930396636613831666137316433336665363664626134666562
31363263346365613235373861663834666161626266336139666534646130393862353537333361
62663933303031353630356634663831396530383262366430623763636436356633633939346362
37303963383865623139333364343330663165393363343431393238366532323465356666376631
31636336316431666431323135373735316339393831326362663263343631313664653231303836
37343132316234643062393166383664653939623339323762663364316633393466323739373033
39623331383262643564373438636436346330666138343634343564366332616361666462396530
63646432333033636638383636313432326564313338643333303734613264326131643863643065
37646331383030373937343466363537323131323632643834343563646362666465666333363037
62316637343439616131373936663434343964373337643836626339663131393230646464636634
36383234323461616233396462336439326138633033383966643938666330663634333638393131
39353664626466633961333137623837633037346633346239343164633535636434616333313935
37343861623032376536613361656264376437366330313866353930386334636335636566306333
36666432666562376336623030393032616336643933336439353338666636346138306336643234
34633733353166393865623437306136393463666436393935373961323865383639356562373332
63656331353134333731633534613633396635653363326436313930663638313734333231366534
66306239326435626165663965376466346232666332333163616330346561373863306566633465
32363138626130613865663538303764393637386266396535346631626666656264383530376437
63653231396232653333343138386435303235306161386438613135306639356532303332613130
64626132366231616433613761613162643235306333653561613532373738626232623731643531
38663664303935323534613866316131646530636130616461303234313539323562396639643836
38343238653530313432386366613036386233356566323635663339366339373033643035393237
37353334333835343063346236626534323038313361303663393638663937643261653430633363
33316531656238303635383638336434333064326163323062636337643165323134323263363337
32616463303434353566356635383762363533373138303237643533623464613339393632643233
66383739363834393739636236333331373531383431336136626362353962633261326339366264
31383037616638356561646634303334363363353030633833316234653434613564323066646234
62363332663065653238623363383730373261313964363539626561656365353735613439333163
66343064363465393461353834386262373933376138326164393334663030653539633530373536
37613132313838343330616436336233306133323861343037383364353766633533343364663465
33613834666561316335646233333336643664393339636434306331653133373238306439653037
64646565323039656431636464643932323930336131616631363738623837323234376138633937
62303331633434356538626563343936643466373130396138363931336363363136373634363134
61323436323331663033663638373734346365303038653136343235373430636236613365323663
34633661623031616565633139646263343166643035643838383737623534343364323633363861
64306233323563636430373432333964323565666635636337643635656261346434313238393933
37623036656432646266663430346531363561363433323835643131306338363230316266613562
65363237303130343437626466363232366534336263313562636334633637636562313466336463
37306339396637626636663961343933396166363239313138633238666434303433613065393534
38623134306231396530623835346466643763623332356162383634306438353935316165633139
33656438383532616239366333316466643231333430643932646538623835656463356335643935
65346336316361623464626332613530353665643666383566396438643664313032366232643238
65306565663034393836623131646639623263663263326436333166346562353433353535656533
30653034353835336433626136393664393863666161366432623933643038653731643936306461
31376331336562636463373133316164333739373165376531623065313164356534616630646639
38646334363334306639346364393533363662363732643066306232666538626136643936303338
63653562353032363061333237363736336262623565383162613665633832303432376535376239
30393264303061383635656231663265623437653332333964343831353836646136666331356436
35323263336332313731303763633334323130333130393634663666356130356134663032616362
38656331373630666365653335396161363364353362623330323739316234633463613835613930
62376665383562636461336362323439666365313663313435323262333638653736353834633334
32613835616134636338663130356461613862333031336533323165306364366537373236356534
35373661316161623337663062386330343766316466646464323731303164376634373939626661
61666231356266313130316435316534623938393863303330373232656436623763616463366266
30313562336336333337663065323162356533393861363538366130653138343239343835333935
61303730316630303562653134393364363238643666643032303336313631383830346331326535
64376634646137373662363036626162333634313164353330616562663033333337666362616461
61353737653630663562623233613037613464623661353837623831663833383838316332353133
38353733633337333437363135353431663366613634636561316235336230333131363838653932
31323039386536386531366334613737633135366266666331303036366337306535343866346234
62353634366439643163643136383866653134306434396462643261653034333034616637313336
38623661343238313334366565373539303339363963386461393836333964653830643635313932
61666663666134613230646535316138393834643032336339366337656432376561303338666238
33646638323161656462363965626465366239363133343866393236666533616664316133663130
31633564333165323765643964366332303930336538333032316131373532613131616431316566
64666338313262623635643133383336653935636538663662363938666237306235313063383338
32666230663639303334666463343363343632663731653036656233663039373134353333386438
64336535376265626266653737313635663139653839316332656433326162336339613236303765
39363434386435613661666264643731636235393438393165653465646566373533653764333061
38326362623934363337303231376238663763316264313766356630363562646635313338303566
61373137393864396631623763366432333961313266613535653639323561653939356362653239
37333366366666383533393732396338626434653861376438386165616339656338616439623932
39373361336633666464316637356333646564383835396237376361626131383962313337666432
63386135303235616562613661653264353764653339333361313162363833656565656561356431
65633232373135336162303033633337323435353431396462623662363538393332316233386334
35393538663034333637626635383934376139306662656362353832393830383833396536333638
32616466303433613836636636333035633164373939613839376263663266306434616432313232
36356566623863356134353461356634663263616530336263303361326134343230333439343132
61663339333738383431306564653634626231323730643737323664303866653564373834636437
34626335666334313064383532303063383161396234323134313933626434396235396566336435
66633238656261393539366263373665616563613266313566336365613665613364633933396539
65323735336332363531643564626631383266393264643537383136613530653730623063353731
65373539333536636565366630393639643564383835633462356636666534326363303535623032
62346665306334653839383537636133393234653264636435653139383261353839663932636163
34363263313032313339306263356461613630616632383232373831626664653834646238396138
62363061656539343431646663343636303432383163336665646461346139633333316261393737
33363439643666356137313631306161623135626435616263306237323863316537353033343664
34386663623236643539353666396361653133303037306139306133366338393539303938613030
61363365656266343934643164333436326335663963353236343138613661373362383162623162
36316164663433613636343034666631376336666639386162353839353662623230336139376534
36346362613038313233313661646463653064623964343663333966396238626634393565616235
62353439336665393332333936356637303864356334653339663730353037353335613936313063
61386136316662623232363735616338643835643663366464346665613861353661646333353738
65663135363463333564393062303933393664303863393766326266303639666132613261383934
37316465646335626533346665346163653165353364376463653933633332346339383262333433
65646530326531393762323839333731666161366631393931336637666534623838353436363635
66633339633561386633643031386634396233623762306236613432343732363864626337653236
31346135353635636132366561363733623639656531653762663234333438373335396161353730
30616262616332323465666536316238666164386132373731366566666665633363353430386132
31653834653864383731343833393337336166366533623635313633326563623937626432636538
66663632376565383033633430623131316434333966323964393733373939623862356630393566
64626361366364336361626136623233333033623963373661303838363465656531376362633733
36616235643430326337363134356531303639326536643366326164663332373161343533363163
66396431393234386266326334303939343935386163316231643039313465336438613839353263
35633133313037343930383364373362313432353430313266623766363439336234373862663136
62303162356161383235316137396638316264333737666635663266353137623639666364653134
65613461313338383765323033643533626165623031393937653262336338306665626632343235
39303362333035386663656336346535323166303930653464623139663236353466323136663933
64343338356365656534343035613262326465393537636534353135343430373061653166366161
30323765386263376161396263663832313066666138333065373233373266623665623966636137
39626563643836353063336331666430366334336164633533333737376330613133653238623865
33613132306136626137383464616134623966636232363633633330366334373935646439626464
34343864333961326464643830613964396335316639356566353436396137656230663962366233
39376432636133383631623338616665383730383039343331633038633465376661366263333465
33353338643134323135326336633939313832346537616265373264366232303038653336613065
31643166363265636238633639663735383538373935386636643338393630303330383564353864
38633936373834343466663861356635333864633733633766333631316163306565313561366633
33303336336462623266366163633638343532313437643366376666373234376561623135643835
65386562333961343630326263353564646639653563323232396662663764323562643965313666
37323430636338333063623437346462313835316264643535663364646431323666653230653564
35636336373465396638323634643064326266663232663766373566623238666266656466363936
34306566653131623164643465666566643461346332623061303331353730396361343437383332
34303232613637393963303933333162353630366264623531396233313531636465393963306533
36343261333833376438663231313235663738316361333330343338386534326331346639313233
32343366313233326431303632653432633034353036393331363161616433383161633162663238
31396134346138373861323663393132663065393665343030363539613834373365346165393638
30616233303061356262613837666338356632343764346664373161396539663734343731666233
39313238353963303633613264306538333339306335333736306431643134643761653363333731
35323561636639393833636233393939323730396634346530626337366631613539376237616134
61646666336666346461386632663735663235646664353966393063366464323331623635646364
30333338396530366235353564326431313363623639323030646462383337653164333732376239
32653632306235353432326566326530363866363632333538366332613234313933633335343335
32636138373533343036336362376530303630633266616238336562333138393763366434366163
35323938313062336565383236386232333339346339336238303464373761336435343537303262
31393462356237326466343837373864656161373962336537373565366462333066636466373834
38663462326633613662663563326563343136303435326439383736396138626137343733353937
65383933633736653363386533323564626536616362386333333732326266373262646461336235
32306637653139336631633563303539383738346636353363303863323832306638373637653063
39326536643431633038326138663866633630633131356661386132353966656439623139353365
33346364383236343638346234326632656238353336313664636239396636376336623632653738
38323331356336623836616534346261623239633438383530303737633764363035613463393263
33646530636634343361366265396464383232636533623866396632623865633633336564366638
30333634343239303763343866633434386636333633643630303366383430666239333736306166
37336139306363396361313236663533306563353637303038353133393066306334346437643234
36353765323530366333393631646364383965313231326237303465626164323838666139623563
65656335313935376366613564656165333135323333323430646431653335363764663162356363
64366265613337393138643265316161623137303030383831336337373934353135653938666135
39373130333036666536633661303738303163633033316334343264366166646263396430336231
35623566363432373662303465333831653935346134613761383665306238326432343438613134
35326131353638376332376635643265656662323665323036663431653263636566356130323533
31366139313237313461393738363734323161623564663062313138323235643464376238666337
61303034396262313539303031623932663063363363343136383433656530633365383566626134
32326639383062656631626263616663306632376536646561323230326537333365313265646363
64323763633366326239373530353233636665303061666437313465363833623063656434323739
36326465633462646531336130313039303634626530376364643963633962633363376364366534
38356637343362663731386435383539383931323733613237303365303833393938393231323830
66666535633561336137643363613563633531643963333361636365323865613035643361393165
36653461373931343663396531313234643133663565636434663330356436346665616433396661
61656263656231613061613666336439616134373137366166373537313233393233373964363465
37656636363731313630383738656335666161356566336639303936346262303366396633336533
65376631633232323864303439376338376633626434303730643964633237336535343231666132
32393735636535653134616365663137343964316663313461313032353132343033636338343430
35663335353339636438393630323665623161656533396438376363633435303035333465633035
62363861336435616438613238383265376435346466333336613631363364623738666465373163
32383562353463336664383736376234663533313233383638383161653366643332366234346338
36323831616130626532666262373936316236356265643938663938326261356237353433336161
66316135363732353166313630626634346462343039363863356235636161343036396465393339
39386266613737313663653931333931393030346133353633373034353136383032303331343334
65393332353038343064643336396532323962306431333761626561353264616536616335656139
39383037383735383265363864376432343164303835613439626435626536663932343731373431
61323030353965323435636135346562616131333835333566623334393138636235333436313566
39313164313130396236666539656164313632643764353864613538623634386466613236333831
39303134363934646430396261633064343937306566643663656630643866396263623738366136
34653633376465623365376366363366656566356365386162613136656564616536663364636233
39663265336630383161353135656465353039616166336236343062616362313962633737343966
62366236336664326561633236323864643030353562326364323733653731346234383761373966
37363334663264633335643662373033643638336630396133393534343130313665613532643434
34663663363038373261366639656438306438343335646331626434663436333265626631313736
33386364663834653263393164376666383233333166623235323737633663396333653234373333
38643264656230356164336637613733623062373039323365386233366366653930623431373039
32323664396461643964303339336666316330373235386564336239356664393039633762383639
38343462353363313366313933343139653734393533356638633363313930366533303663366534
62396638336561643035633534666361326164346661653939353831623232646366333335306237
31303631623165303933366331383734623338643130373066363837306535366639616638333861
31306262613563666563303337326464653437383133323965613663366535623837363965633639
39383732356336653939303837396133356535383237316366633631353061356664313731356234
36343137323935653563346132656565663263656332353039383335323964653034656561306662
66666237643739363162363362633565336563373130636138653437646661363639303734656365
63343837613339353931623339623664343730336361326132616435616563386333396564626561
65333262333066626138353532636437323361633261386364663037356163393230303733656334
39663763373834396464323363633435376564323437313264366164653238303465626135613461
61653530333432623536373066333663323234363632666538313563396333633064306362633630
63306466353461346235653732633233333931336535616261626466663432386332323332306231
61333131336565666230616237343535303931323836303633343531386561363936366635343262
62623439653938323365643339316230386565363039376161346535623865336466643038613530
66316431626665386462626465613734303233336232643633666338373634613962316232343634
65623562373638653139623033353730653230306135656335333964333439623032653464303730
61353438336535363363323632316132313631336430613534646635623864323866666261376238
63623439333235313463663738376238306466313231653537346133336138643338623934666136
66343234353337376236613961323731383965386565613961643738366264383333666230666436
34653439643961656130333539633764393434313461313831613932663231393138376663323633
35633135343739363932383466653831343932623335333564613232373230343938353361363438
31373961353066663161303538376237306538346539316564333336303639316665633630383166
31626465343535653432353863396132333864626132356235663736626666666463313138373564
33366239383530396130393835663533346231373139643933376563343465303533623632373330
34333132383834663361366636633937386262363066643439363132643263303662353466306366
38666337343365306634363035636661623364313032626231663761626364643064663536343065
63626166373866313632623533353231656139613136313330363433646339336263646337396365
66363430663933313532363933346266643236393264316130316234366332653933613765643436
31393831636163613166333236313137383636633461643739643430653631626531376236316339
62333463616236316161653334323835383838383866313966626666323632303034353536346438
30666163343830383366346234393938353837353464343633316433383430643637313630613930
30346665346563646365663632373237396564373839663463376532646362613039383935373764
30643035643032643933306565663236336664633962363932626238313266656564326139323230
62383062336438396338643132663435373066636533643462386538373265666365356439323630
39356336386636653935323733326164303733663465623065653533313764333162386132656335
35363362633039376536376661653732323033663661646264363432366237326262323932323263
37653564663030613832343336626335303463333037623164383230633631646635373339333662
30353936353036303762366537616530666135626263623433373363623365613861653337363763
37313865613131623066376463613330306364323136363730626361663463306161376534326165
31383562373230393436386532346137396361633461323237373931656563336235313331613031
66323730663065613432336236333162353431306232333435393737306139393234656332633735
39303663333432316433643362366534363333313235623836633434663366343862313331636539
63336265343032306337316531626132626535333062663064326364623839333563326138313631
64386531396665636539323264653530363633393633623635613463396235646436643862366431
62393561333532323963396634376665393935373164646333336230333863353734633264653831
37303561393730343965363636343332303265646330633561333936303662623332303735646236
64393465366235333935333931323537383139346135633330363231303066303134336330636462
37396638386564613366666338666139343562383761343665333364373961303236356332653333
39313635396333343639636339643933353037303166393866616364616237303061326366373232
32666331656364333061326338643330373232363438353935393835353766346435373438353763
34383830643263363136303064616364393764346461646166383139643162386134333364636265
37616132393062356230396466326336386133346334323362303362313435383261383463326264
38366161303430383135323436306161646436306134373731313465653133316364373033373630
63353164323233623965316364393165346533303338326439363664613335643365373739656534
62623132333161653437643464393936383534363835666231663937653939353231626337646631
30663665616535626436326664653064633166373961626639333333623363373235363038366365
36343961363534623764643331356433343739333165353732366135346462623134313134366163
31353932616536656339383831373561316135373831616533353461386265643566653033303034
33313035653765613834343639356538306165346139343032313339636163356432326235613036
61353261306337373837636161383266336138303431666639386561303235663362323131393831
35626531373632306632663835363962643366313832646339316563343539663633383565353238
66326666633137613865396364616263613765663234646633653861613038333535366533383936
65356137356164303238616261633930393638646366376664623631373765646636636564643335
34323937396465376434353838663235336466666638373137653234636533346338323566386139
31373462343762326234656632346638383865653737643132616161373764383139623334616432
32613439323739313438346637353365323262653639616637323365333331613638393230323530
32316433663961653966653365383466616666353437396233653564633634333661326466666338
32303963396365376438653739346131653263346333643866396131323035356662656662343964
65313231633361653937616137343564323532376638323631356633623939636566396465306536
39633532336663653339646430366338373332653563626339656536383431383534343235343266
31343435383333323062343866346438303962373234373866613539393939643866393962616631
66346363353664353365343765376432313663346632376562343662343136653665336361396565
65656366343831626561653164623433383230666162656130363038306536376135313731383238
31346236353434396636356332376266303932633333613263623934363961323866326261383833
30363432373838643230303132663531376632316430326430316163363232626636643430653232
30303233643336616337383465343165656266353833346230363237376230313332393361353266
31633962346136363761383939623832363663616265666237353634633230323034343062643830
31343932633239313664666265616163393663623763333733643866313536303863333938376234
39303532636635623233303834323364386338333863663836303465393134353134303261306137
36313266646333383335386631343162353265613362613635656666376530306634313038636664
31666338616131346330353566396362353466656239396331373537336362633661353336663338
63353130373436336563306235323538663035616137386130313761363336353733353364363537
39323230313833336330396264396530643438623037656133313234343735356635313932353036
30343561343565653438396538646536363035343138613238663137303730343230343035363435
34666133346362373537393265343038633037396538326463383634306230326130323165363334
31316332373931633461303635643566623834623765366535336538303336313939643535366238
38623366613763623239396337383065316666326332636231393938383536376462313133373731
33393336376131383463613063636634646433613639343438343162616462363932366230643033
33343735343035316263396466613732386537613963353362373362376466343565303435396537
36353465376364336637613862366464353361656537396230346439333864666431626162343535
38623639386663373834663365616162653839393839373465313539333666303637343435383030
32376665373361666631363335636263663830373830323633633963316263376135666266646338
66653031366566333962373238383761323631656536373633306532613961333334333666383236
30313434653734306131333765383666353737613265316630356139343264663966376464643663
65643436366434643831623736313262666566343563333532653735346537393463373136623863
61346565666263633063326165316561633333306462393037396530613861383130613133346165
33616132643465303135653063363561393632636433626263346564373462393731633334666531
34643935663965666261386264336232636131353930346134383332616164353936303864393534
30613461316465633334636132336638666537393930656365393262313034646230376231326638
37313362336131353866663166353234373633626361616462363130356333373262636337666235
39633130313361623563636262346462373736353737343761373862306366393961306232396663
61376364333162643933633636383031613462333338353636343835303166333733336135353435
65373434383065396332336163643232333062613337323666363762626336343564323239646561
66336134373136636264643761303639373765656333363936653635623334316164323832363433
34323731316532393533373964323136313135316265366639336665393362376438626663386432
62366561656139316139643539323436636236333864626131386135346266663033396165333665
33303066303731633865393532663864306432366139383065333362653437353436353433636665
66346666663139646534663135336637353835646464633037396637613462613334653862343766
64373964653361373364363738393737353834326633333366336532366535386631376635643865
66383662326661643331616632306561313538383861313032356231366136383636616136386335
30633661313034656134626661386430356465353335356566313161623738656535356365336438
39613835656330636565383637323063303538326437653830643564386662363863633165376666
33386131303837636135373832326331343763313239623362663662626464646261613533343933
37366362623935653166333232653866306635666338363830643530303035653731376339376239
36383139626432363765396365656439313639623839636435316138373563336336643766356664
35373366623764386431626462303263653763663761613637636139613863653132346339386532
66306465323238383431333832363631363836666561333037323033373232373032336530613138
35313261636165343962383461313637656334643262626465316231653634626130613565353039
65383133623034656234383161373633346565353534343236386539363234613462316433616437
36313666386132326433333134646463376434383436646339363731343261396566393139343537
34343534623736656437646463336536653137333462376633343237613863663733336565626665
33653666303665313261336432373039383230656666306133393131616363353063346561396665
31303034626462656131633366363639643139363239356534363334366630613862666134343562
35633636326638306564366638366439613332303237396538623535363432643264343430383334
39666634346631636531323266616132626664613339353162646366643330303164626331306362
31653932653863376661393061346565353161613064333433616430396538663837663434636164
32323263643137633432633633343239303365663436363135363836353732613431383064663338
31353065353633613462643130656262363735373335636134666266633861386565613166323835
34333336326637303336393735313433636231646134326136336339626530326431656465653332
38653639373434643165643131336361306631373537623132366662306364633331356163613434
30323964323362303366316131333565326566613339356531616432663934313138663533353735
39333632623337633132663162346566646538396531336663636234303932343030343437363938
31326133376362656237376332366138333035373531383164333766623234633034636336353361
3864
