$ANSIBLE_VAULT;1.1;AES256
37616632326433356261386661306135656131353435396262616631363663353166636635323165
6235376533616230613631623764386637633334613665310a303435636234386231663138633161
30613738636463623563373133626465623263666136386639613466356463666333303136396635
6533623363666132630a663833653466313630353431356232653062336136376466333234363832
64333632356135653964313461616361663539303334353735653166356238393636366634373432
36633036613834396638373033636333353238613762393931346661303165316533373339393733
64346266623538393963346161643939346364376537316463396432393830326336353264613135
65313538666336336461323736303938623133363262363966363663313734656432626539343238
39376465356339613062313434353633646266323363633766646134613062303338373864393333
32396165363832303064633134366235613935346539656163373938383064623865313834303964
31653630653231643664663966643135613765303066343064613939383262326630346362643138
32663737376635383665643434353631303638633938333161643838306133646131396662306538
34646563346538633036666630633733323935353736663935663364616138613535366136376235
36616134336361316434623734333765333134336338393838353965613964343565643166346431
63613038306239323565346665323932326166306437326365656139386461383235623737323363
36633337666664646136323666343933313837643261666264613966643761306233313461336337
37343264323262353365346138633962366432383138656432666462386534363732386631623938
36643931623531383166383738383166636238383432363331313430653164373233636131623966
36616435636438646339386233396437663362666534366262336533313233366366663536626334
66316131353335303036303234616461653436353434333235333136333135383132313939343764
32643464316161343463663562633564613665356561326263343135303363373364363361633637
32613432663661343364336537663933366439313130383536323330306234383636633531393363
63643764643730363366613531313465383239363361333739616363313837316132376662356562
39306536333134303736663932393739653931336132623738396433313933353364663038643634
6138
