$ANSIBLE_VAULT;1.1;AES256
35386430323164633736623031396264376538666662353234623637653535633066616130393839
6439663233616230663336343937313836363338316365630a353832356335616163656333356665
33663935366236643061333734343932633563663233666538666237316663666336393166616339
3432613633303765320a613631333639623137666130313464396330343662643431633162303365
39613732656635393066383936636433366636623933343238343661393038386565343161313063
38386163333961353766333238333232333061326439646661646161306131626132663430663832
64613162383731323738336363396432363763363661336535376264646438376236623965636439
65346536653132366565323438363139303664626535336562663432343436333835343134666438
66363239623434366231613631383635613935663930333362666365626166353662363833613662
39373137613232356462353364643035656139643732626465636264366235313530313335356563
66363933316463376432613830346536666532323161343437356632623033353466396231653632
66656239316130356531633231346663646163666661306432326337363166353831626265666235
61643563356339306361346533646566373266376235613733356465393934646139613663343930
64316138356634663135623633653338623134613663646532623831613437653536623534366463
37393966313730653166323166613437623139386266383161393031616434626435663638663334
34656566616335356334643439313466613339303664393063613863333335306233653734316162
33316265323538653634613264356364373361613263333032623032666130663030616334626437
61313933643265636633356165316537326433353539393730396434373832316231336231343836
36343133373634386230373339376530366633306536313239653865626461396131323034383031
35376135373531366164643533376262623130626537383765343338353766363730396662303331
31336537343761333231663836633138323834633934306630366261623937323632313535373033
32653766343133633735366432646266653931643064666632623936636362373966643666653462
31306136323766383166376338326434353663323061383562643739633239346634653930373366
32333830306133646334313935643538353063663035653830333564316637316665303664626232
34323962656239376631623636313035333465383466353639376531383663653731326537633030
33306133386465346664386335326562353238613838656531323032373761396266376261656339
65636332333963633035626138616634363165643235623532363961303132343166306336643337
65396539383130663934373866326162306632346264663563613731616338626631383538333832
31336231626437383432333536343062656639613065393562616432613130633631313435376164
32366362313630333736343335343739316161363038336362393963396637613236356465636363
65616365613830626137343261643433393431353632623362363631646166663236323336663435
34626232336435613237616132613562393964363633643632303035623838313461383432653261
30353861336339393730363866623234626330316161346439353839326533383661646236393131
32353963633162643263326261616262353461306361386261363538656566323330353264313262
62313534363761356132326633303134653263306138633064373132386462643435336134383966
34353865386139616463373633626561633565336236336666396465323036633634643633356633
34346639313862326232303730396139333736663834363033623435303635326263656630336131
65663932643338656339636334383039373930313436316330303133623239383864383838623362
62326665303732623565393861306166616238633736313732343934306235373736363363616162
37636666636562346564613230333461623330316535653435363134646632666666356263303931
34623037303633646530323664313533336539393165323037306234373937316136663338346666
61383464343161633464356632663764356363323230643065633137656461383239656138636661
313265653836633237386262343564623636
