$ANSIBLE_VAULT;1.1;AES256
65396138306261343536613661613663363030613266373439363961646666636630326339303832
3464323933373361646266373134613331393138306165330a393736326631636630363234313536
64356237666163386261356364313634306266333733386464666132386131633862623836393862
6166373261643361660a643566373634666536373330303265393531343263373466623938666664
62626166393361653061346334363933386164623863623031393033343538313966656638393136
62353238353361343638633364363036316438383336383535353261636238623033653531346432
39353763363366613933643563633263363830393835326164373864656534363639303939353666
38336230326565353261333764336633346463343032303562373236376330393732333636653333
65636162396663613031396138313036626337626237343937643265353630393434363439316131
39656139343039373061613737326537383463373533376234376437393862396565386137363165
39613833616463626534386264376139343066653331646236363965663531636430376330613936
66623734393339646635616461316139643965666365616266346532366137306536393536353130
65643734346439383565643437656664623838663964623835303239333962366236373663633962
31386465353861646339663137353139643037313562623964616166366566323834346666626535
64613530313463373635623437663930663139613839316430313132333363306238666238663762
35393730633365393965643636643435653666326164373533386264363733353833663861316237
33386638613434306135353966393537663065633337373139633962663662633862376435383730
65656165353764326434373235633837613332373435663830623639653862626636323363356432
353164613861343265396138313562393366
