$ANSIBLE_VAULT;1.1;AES256
64363634393737346261356366383761616136383132653161646532616130376461633239326266
3862626266343266366461393031663533303832383730630a656665383261353063333236323939
30613733663764346332653837316633316336626634393937313438396261643538373736353838
3766323533383062340a393436336132366332363131303664373730613131323562376132386538
63333430353231336632303462393434653436323431636139346464313134663263366466656463
37356262393063636132353566353432653830383663363735633537303135336134343462626139
38353831376464363339653137376164643230616536303464313733643635326461363239653232
38323432623832356630626435363164623337346262653234393234633864306161333863336364
31383531363536313262323839653335396265323465316633343932633139303731383936343532
64313437656435616462356131346637323532616534646166373862346264643330613037613139
31396663326561666339643061333266353036393234613931306361643265623066663830373064
66393436633835613266616238323731626164343638343832393264653964666238663537383462
38336233343262373632333335356431363564356638303362353438376334663334636430316533
61303832386139393836646538356230666135666531303638626364326631643665383831656264
34643233383764663038396662633465323664306434643332316637306366636161613134363230
38653234363761663565626438373466376362353362643537356331393865386564343639623235
66356137366637613664333462396231653934653763366336636530386165663530303930636530
30636363353132396134623666376237333263366337653564393866626534313964636261613639
65363339323437626161663330623831386139626335616236383562373864333130323263393137
30653761383866323834383866626536366337323539383961613565366364323438343032363831
61666539303464313635313832623433623032313530616462313031663135343163623930366462
35613434643733626439393731363161386362623832393964616464326361643562373632663265
37643063303439653031623162303564316630396632323137386139653564346363333064383432
32633332616561623239303134376533303966316236626165643538636461613731383361626135
30363739633738323463373461383838373038303933633532306463306137643839333436336336
37393861353433353436626232383065323661626335323930343531623563306661386634326634
36633362313336663264323435396635616231373137633636316264663765323633636439356562
30313566373739336561393537333037393631363139346237336637656331663333346434383232
66333863623332633539386633383839666161623364383738393738373139343533363035313634
62353636636430646130326563633231383064363039303530613833333432633365343361373364
63303962323739623538396338396566656263626464373237396331643734653837353234306131
38366164623134363937643236316264316262353432623630343361396337626633353831313765
30646662353939663936393262396465653966373930383238626532366330393132623866323636
62303364333234393135653638363265336533666266633433363235373132316339373738363461
39613334386331323763353937376137363430333363323839373262363236366538363230336163
64396130623939366631373336666432663132373535383263356433313961363932623435346137
62616132356631396565353666333831646261336132313539653539626164323130323136326461
66663862363865663737303237336662356164333438393231623766356561393739316561363864
31323130373733663361313366646438386166656135336337383933333932663230373732633938
36356632613461373662666537323161393037356332373561353738616236653062396337323235
38323363383538386466386236393565353365343363646339356562343033373865616330323064
30333734366433613964316236656663323365626261633636313233306536666362633063653136
63626265343939316230646465376264613333656534343231653838383635323538386335353263
31303263303834636234383237373337663764373839386637643237343164383735626137646237
32363565326235386263646233623134356230376437376433363865376266303066363930613532
39326535363866623064393639383132636465343734633437303963313331393764326464633236
30643464323563626230343963323463666439336264646361643437393432343835346566643466
31366237396666326330
