$ANSIBLE_VAULT;1.1;AES256
31663036313166336162393763386633343333643633656262313336313261306563643933623836
6663623639396332306237376565653366653766383363650a636637376636313962353336623064
33383266333231623062616630313037343963633833346437366337386632303038623864376130
3730613731653866310a313031303633323432303266356662353963393563366461316138313435
33643830323066313466626438323561646336626364663635353164373237316134646261373333
61643262643138656464623134636630653937383931353261396364646435623232353366343830
30306535636465653432336363363664613231316533396263396630623764383239643265326138
36363366356438353932356637316562663632383634653337613265313564346236346462343263
30353063383130393039623762653939323061393439613830303430383964353936613431623837
37303733346435633336363539353161663162323762356132303233306637623030346231636161
62343762366633366434656333346431323638323237316662356465333139326334633137616239
39646336383963396338323933356139333665346136303532326638336363393632306437393236
33333337383665383637626137366332383639643962623839323231336361363238616338363930
37376238313336663961643635376339313637393433386433313436313831636134343962663630
38376439643237363834336534643765383339393964663564383966373637626138663031616266
33303135633838613538303364323766336236323930356533666364386664316536316638643039
38383436326664356432316165316638343835633238353264316234363534343537643631323965
34303765356532316461626631373266313764323537333538366231393063346463303431633237
61656631333736373130643666346633613964616332373261373933613933313138633339613533
32316333623461376336396233306438383933633738306436303532623661643239623530363834
32333863353830316139386137353766373362316636663430666533623838356436646239393837
65346461643639303434363264316532626333383739353331616636613364653534396136333231
31633563326562393433613262376361663565333137363961363632326361336465333665356363
31353936636138313864353062653533623032323962343961626161643638316163663935313263
30386332353365623561343836353935666366643866626133653839306366396138633363366264
30646437613637666136333137316361623836666633666263656264633436363230313463636231
37656534383962313463623638393434633864613566363137633063663465363636336362376130
33386539346466343563373636353839616562313366346433613130656664336434353566643735
63616163656263336633646337363932633434643238366365356362396161373139613265666437
33366534346663616561363563306436396233323432383337336633356164633037633234326134
39623664623264346539323935653365326265316431663536366361636432333164633131333366
31613538343936323333623134373834363230653034363234333433336331653035333235343963
36306561633865356262373938326638366433643531373061643236653036616333626639323030
38663966373930353838346339626135333664646435356537303735326561663434396337393333
33633038323037343134623737373063323761633839363865393838653034616333353037653066
33316234643634363639653030366636393437643266633563656562646436323739666430336430
36306132666630383462396563373564326430373432653538363866663862373233343266383933
33613362613739303363646466633961313132323631313563386665616338323766333666626563
39353231373366353631393663623738666637346362663032636466646536306563613763663435
64633062646238393336393766373664643333303766336337356135663966663265356461663564
62363331313262326232383632353935633563393666626136336361393265663930356236666363
33663731643935663561356564623965306535373337363466353962383236353035306364396634
36646632356530666161336134656563643239653638616463646464396232613234643438616361
36336362636566643337623864383131616139623539356166316433366630336262633937353338
39343035656436343735616632356132373135653735623764626134393264613665343233363731
30636133346166313161643138333664373835323663336265323930623962393361663566336630
66303463376666326162393266343264626232303534336238633261613136363436323138346137
66656435363065303130383862396565613831386232356363393734616331656132626237653565
33343836393733343661356563393832623731363937626238373130643032376564306531623930
31326537666230323137383732303636643963333362376134356638366337656164646465626336
65343932626432386531373837363335393335346163636666393234346364633235666565326662
31316163616264666365313239313939363239623565386531303562396664333132373238303461
61306339373766393030343639316632393333333930633865656463313363303364376335643534
66386639336637646561363238633533626366323032343132346439646631346566313261303430
61653335313166313636306537366531633262633166383035333836376563343533336536306530
37343765353231303364333038653235323539306162393034343035313264313463373363393735
33356362303632623838633834346465333461376663353762666233326231396433306330356630
37633766306235323365386261393765323566303034326434636662626633333030346532316130
36653232363035376437656166383737343962643565343762613535346636333637323338643531
38393538633065363661343165663234306436646162663664666635386434653364303232383432
34343834383036626266323031643930376339366665396631643461343938663833623331353264
36613836633339376231363732656264313266643130393538313762376333663139393330613661
32666437323236313765363236646134336536656535383636393763353838306433643030356638
38623663363564323262326630656663626262613939343537396564313039333439323832313233
36636430303132343166373732376639656663653461643630306662616266373538393733373938
39313465323132623866336162623966323862633062356339663032313432383334633461613136
36373365383733623464393332396538383939306133633334643631316334336433303866383935
63363463306563393737336539663130613937666264313465323465313138313737666263623562
66393337303439393534336662353261653366333735616632306631333866373532666430343037
62663564323261393462643062663138383661666235643036396238663664353339303562323636
65323935646635663163393435333461366539656162643330356330666231343131623534336138
64393131333438343339626262633662623334373165386462333233346539326137633565383334
61396631303163663338316232633632373131343264323535616264666264653661353863383337
66346138613934613933343166613866656638373935303661353434393530333938336132633733
39643261303034633262343832643336366432316337396330656362386638386665356565396163
36393536653137396466613265633931353336653632393437346134353237646434643939656535
34363139393434623230383561646534313136646463323563373366313634663363653735656161
66356261383231353765613831343165666534356437393339383330646463616530363435306138
61336631643261663136376137653932623736623964373630333465613165623263643338303866
66393962633861346366653237393963336161636362303738323738323264316133376639343030
66633634386161616336393133383661363363303131383966663334333266316335323233303834
64616636653639303963663832323536306166313338306134396162646437353638656539396265
35383032636266343236373630356431393831336265666165346162373336383362363835376137
63333635376337373535306335353233626566663461346438393436373566356662336435313730
34396630623635333438336138663164666463366330333436363465646135336464383030663730
66616364643834323436636237333664653562343237663331373937393030633137323365623636
62643461663135323431313362653237386233366137653263653466343165646665333064396637
61326238623065636564363066323261353239356236636338333064626662636338306562386637
31316238666564313830646237646134663736336432366661633233613866626331613532393962
38646166383130393066336164636264343432333836343236313132653534353063613266323130
32326536666165623530663338353032346562396364323030326265663731363364643933343037
65363365376163656139376237373130303735646135623062323535326164396364396534633965
3333
