$ANSIBLE_VAULT;1.1;AES256
32666163383336383838633066343764326364313732626439663432326362633231616561343436
6638626239636239343131633239623938336537376235320a353565343031616133636637616230
38343336383664343566383734376430633762666435643163646364663434613466626261303962
3163623463663635360a613030333534353631343831643666346464636631313663396532316235
34613535646639613366646634613230633566306534663135306331393030616265313031373134
36376138623033336331336235636162313566646461663634326565303932316466616264623432
38653163663262313035366138653537643362373632623061633163613630636461613933323631
32363032333934393263306464393936666366653262356234656263323966323335353166366231
33313063343836333266393264313561353731303862656334613932653130366535643461633030
30326239636537366435333864356335663930663964356138656161363666646261376462373463
32393930313061343738343262303838303830366630653332653765656138353862656437643261
35386134666436363366366533623934373166646330333566306665376234356634386230343239
31373939376435616266366330383630393135373635333336623431633232336534633235666439
32323638336330343531663230366263626432653033663231303166316262633934386337663336
32663838313032346463623438363337616530396633396237383538323936373163313435623361
65383131616635316265333064316332623839333464626661616563613331383336313533376231
39396261333337363432383135626535393761643763373032633735383663313961353163643265
30353566633766343265396563393139343431366236363133373531633161373132353566323061
61323332363065616534336430373233613262366666653831363933646439386163356535636636
65666636336330653430386462356234653530316161376233313164356430613135326237373265
36363732353235353332653565623233323537636336663135353337646436656431376331323339
65346334393761663865666332306665393431316666653533626138663137663832623939333461
64613039323830373765323030323562303161373061313233393234323430313265306337613062
64306662663034343830656362333135393837326538303431353835633737373330363639326664
38313434373962383832613639653339353365306662653864323839313337323238636362663835
34373237666532313233636163383536656436663531343030303633353437333034653666373562
31363663393230643838663263306363346235376566346562626135636432646338656162383363
33613561306565346134663338353233386365643161376634323865333337643566653938353231
35613533366662336231313636396662393030346534386165316331316532366131393630346330
37356631323337393864383939343134383531323766613735353435623634313332313330336435
66323838333735366531323633323136373033626433363534306531393537663831663834363937
61316564656364363163616637376635396632373765346631323134323862343835366237633034
31616335646161316265313039323961666435326561653932353830366333353439396334613963
36343231393965383537353931383136313933666638623433316464333331303639353364373736
35366665323337316534653635386636376235323865633465386265383434363261623562663339
34616135373263636434646465633566376238626131396636303632616231363938353966353537
32386431366134353839326635383736623766383962323937666636643962376538313932663731
64356136336362353837323437396162613464363763616635303033373162656239306466333338
33396532336438623537623132623061366536343465376664383766353333333039303439356662
31343634636463396363663530616138353761623263313036393664633534313366643437376465
32656238333264383232336563663133646363373631616665366565373934646634393338653430
39636364363136306433386531373861646162313132633531313363353830383631313466396365
36653432626161656332656633663365326636613431363038356338303837396636333731316665
61326237306137373064313537313935613834383931656531313339626335363632323937373534
34323662666332343533653262613530376430393535366631656130303936363538333335663163
39646232363839343062303361626466306465623031393830383161383063643534666535343139
64613864323636393563303738623762636164363938623631363064323134386566326466343036
64393439306663346531633137383637363263316135316537323237316233643639306331376634
37613063373936633363303432373666613764343663383863303566313966333331336236323733
66633233303235396430623338613237376133396266336665376365656266303730343334303131
34633734646537346632613863306161336633306632303864303332343632313636376366313833
65653937326564343831383831646164616539343761356339646332626231653930623066343661
63353934656662346232306337383836316436613935323563386530383966636463393965643561
37373261366331643532313565626361393462353234646464646131396530653333613663373731
34373961373130313636326635643132663535656366376230313363366231616263376632346634
34633134326664323966376236653762666434313735663164303037663936643736393133646638
36356163313332636636383030336161356232613134393939643463633034646333323061303138
34633432326333313132646466303631643635636461333932386365656132366534303635363364
63353261636231633137626261343761373163393234623037663461343832313535376339346537
66323263613838373439323035623163343030353438656639306532616632623834336231303064
30396661353732643738386464336533613734323363346130323663323166396133613837393065
65656237303636333163623064623037346163303963346532633038366262336661613166346366
66393864333130623636386263626562313161326330376638623736633032623839326163343362
37373033666162333035313237373663633364323130396435653930393539303036633337386635
38303861623939636539663063366436366238356133616563616238663030623536653331623237
36633166646337383465323735343162326463643463613466386563363533316661633639333038
30343638633961623163336665636337373039653237306664646537616661633530336630313832
31366336396365316433353635643438373765646238643466336465613033623433356463323732
38343330636632366234343732336437346464383133613466666235303163626563353137643464
66656665303463376562313565626536366135633736376264623064613461613234303065386238
32623031383763633532393533336431653132626238663735303935396437323835633631373334
36323662303839383430316532303536663131623765346430646365363665643735333539373161
65376131346464353166313933323639346236363533373663356661653134306364623036633165
39353539383065333465633932343733363637643834343662303238366437633230633238366333
39646135663037333738336631316233353636383266313861396138313465316535373339373439
65323130363538303132643130346238363239613439343264633136336437393432393933356563
62626436323434363064616230623935336434646436373833643864653239613264616563336438
35393839313830613637353439323939663339353463323433323339613831656233393137393537
35653132303763623964386362326138313861623638636636313534646634346531363461326661
38353633623464313534663636333434363963636436323266623761666466366436323364633134
30313561643335643064313166376235326631653739373930646531626530353939366461656562
38613563313839323065383830623838613663633332646363663837353866316461346465383236
66636436356265343737636232303062396363333563303834396234316666343735363236643431
36333238663636383038656537666437386461386338613261313432633965343862313331383864
35376163343330316633303434323461626131356162376564343933363138366562323431373564
64353839333238633935366332373762316265356165323133633530393664626562636134356634
37366638373434393064383763333530393262396431356431363431363039643731626162613035
66343132623632323134633139656563306230386337333162373639343730633666336563613630
32383031363862333061316433326439663463633965363338643339393466636236396230346537
64346338623733626536633864613938343862386138323738643133353662623434393033363463
66663863346461666166393661343939666238646637626135656562623665313362303862313765
30633463376161373830333137383734366662646262653265623436353930363533663162363438
65343035313638373264363032313966393064383738326235363265343866383362616561326631
31636131333833613038633033663032663066626134393366643262663230326633633135613763
34623264333462356664626137643235393739366132646136333933323163643338653933343330
36326163663533616238623537373661623830386262393433656534356330626130393933353639
33383331333861613739363465363064303233383263343462613033306235633463383731643965
64306266616231313332613938356266313666323331323937353064316131656539376636356136
34333830366230393532393739386633623936643335333866356335613533626333373438343365
61616434663234343163633634373165396562313939366136383530303633356533396630303062
64383831316661373839626536396166366330306465616637393434356137393939653030353465
32383736653031326438383338336262323932306439323532383837613735626163653063666438
61323938306330336234316363653931616638333032316332623733636365393839316332656631
38366432623237373862643962353435323764613365623432333935663061383063663038656263
61353530326262613666663130366535313163336664303434373738386664636366383639656538
36666535336234353630353236656366356439363462636531663732373533633135323939633764
66396664376339393539343963356531393231626531343638383862383534623065336265346439
65343837643962623762646266386662346134656132636436313161346265613535616263646536
38356666643366663935666463623565646238393666383531373038663232303236363266613533
37333266653663363163636464396330313631383763663237663937626231393464643964666138
64333338646535383564343238663934373739353561343137636136633336333465336437623332
66663238396136643837386234623037353031643966633533343133336231643638653230646433
38326436353362386665363434623363323962353437366535393439643266373263646265306233
36313634333532316364363730386132376564303938346531653539353434333961613937613731
61663430303532323162363531656535633532633532393134373466343864386261653431656532
31376230653831643966353237336231396533363364323461323830663333363365353734643634
62656337303731303430623331613232306434346261353566643566373935376431656437326530
39396230386362333231393866613866666366313532333832363031303661366131633334336631
66616636333635366563393732616564633030333739346465316566383464356165653063643065
62373138336132643837636539643363386564616466666639626336333230363661653730636639
66316363633536323865343231363166356665363137626236346130663162373563313035666435
64353535653937616337366239353063633032653331643831383935623533633135663833613732
37383362353261646630306233333334653830666633333538666466646434623037336563303234
61663861663834346530646665376165633766313837396264653966623864316137323866633033
38373661346533666437346664386231353962343964376134663661626436373938383932326166
65396261636433623034656461316565663464666662356635633366633538363333363339306332
34623666666232323331643862353437326537386132353135316330313162666134626365666534
62643336313465386130636339323732626636316365313164613638316261363833653765623534
61633437366331343431666363653765366238633333353130666435373563303861313839623334
65643736366132356363306332363862386364383136336436643238613137613739613136643066
64313861343865343136343661306562323534363835643461633165653032656165373835393663
32336437613562616265346530333261613830343937373461626365316535363132353965383532
38656130623836653632383833633430623733663535616431653264326663303162383365623438
62633233616137613961323136396232643565363066663732636639376565303735353064373963
31303666616538386437303737616566306163316565633664666337383836366662653366363035
31613637643338663033303264383437393838643264313464303733373862663064323634353465
34626138363262326332613361306135303338636431386562613832366237363561366136336534
32366366393063633932353761373662643736383562333463396163333034343765313864303266
39323033656665353263346330643461313166316431306531363432633636656461396334623533
37613664373166633738643662613766646562326636366436326263613433396663626262646231
39616134393432363366353934633332623264323334376432363730643862636265356238653239
31346139323764323737653465663163616332393033346134653731356137333032323835303064
31306635376133643936616666363332356266653364306435636133643761666533343764373238
32636536633631396230376164623265633936376162353065633662633635303234316339396132
36303239636231656163376265343562346563663461333738653439306163666263663661663737
61343164396138623261396162616639323365386636663065373137363763633031356233346431
35306435333166636634653139396134633737326433303265343930306561336433623535313235
32336230326332383835376239383139346438656164343566616163633733323834336238316438
39623933623161666334376338316337353932303932343864313135366466333761393062396334
65623737323131653136363863306461333465393232343865613437303765613466653236666631
31663163353134633061363634326464343263353638626361326433346435396666633361393165
37333161316332323264653066313938316137626661643132663861666237363765363262623264
63386464643232353662316630613034326539336266663737383836616235306639636263316166
62393237613836643432303934306434383663363830623266356333306439376463653836336563
33646635303334613530353131613866373336613132303938646336613131346131643038303737
63333832653739613762343964316537636332623464613730633164396366386333623631316630
64393632306436363139336430626230376538623566646666666462366563336165306664316336
31346664623531373164376464396637626137663130333233346533613763363337383038343634
34633961333762626439646333393438656639343964303635636533663766656638393962336630
34356335383364643736633537336164636465363130626631656238346466313864336234393732
63386666613631343234326139663464386164633561376436653863666262633930623064323133
30353265333833353738356464386538373038313934366630323565396266343033656630313538
63653666373338366538393534393632626364623331363635393832333664376561356531303835
63316463626136323136363035313639613761313032353562356631666562626234646161383664
32616133303966343665356535366430306466663232333766663439303432666161353437623664
36613539363561366537633838663635346434623338316465376439383436653664323132323734
38633034396437623639643961306164646632656636383966333739366662356663336238336664
65303337306465633061663561613565313433616534316361376132376562313865363238626537
30366336396630326130616661666561643735323461363534383164316433646332386231663435
63353463646562363235633564353566636636353532356165666235633334333635656162386437
35333438356265646538333162316665363839373638646432343336633737623663383665653735
38383230366564393633376535613536346637393139613138633839343734613834633039336364
34363331643330656363663363303837666333626137313638383266346564383432383831383564
31313936636630653462633332653535653736386338383236663237653133623637383035396464
37313166663761316261633761356465313931623361346330656164373563656638363139323631
33393862363137636561363531663439383838626135613631303864623965653239653536376461
66386561326365343565663362613166396464633963626438336631383961336265363636376237
66323964623233316430353661663330646638383435396639383361353466323033316439336537
33663337383333383630626362353438313135326361633663643164616666303462646235646261
33303565333863626561626538326534633863616135643665373164626665316132626331383934
37663565646238653964333863626130623132626132343331343738363163366234643866366330
63343661336465343339616339356530616532616233306362316533333434393063363131623939
31666536313136636666396238616330366334323434333632393664623735666634396361623433
35623235336366616435323534353432653038376533623063663361343237653633346337343036
31383235623761623938663537333132613937373230653630333466333033396464663530633562
35346265616634303165323436383435653236396263346566636132333135656465326665323133
66366435633435393737646336346238326430346661346436323939333162363936643632303365
37343034653462616139353132356237666637643736326464313535313337343637366335303966
31646334376363363963633339393565663737386661373131313863343963303737643261643235
64663538313732613233353635306232636165376636613064656636393136323532623562336263
35386337366363306563636563646139333936656230313566663330326237656639616533663634
63333263386661666662383031353036303762646239396665343236613736646261333633343861
66376237373235303862626337393564306538396430303531313233343633663134633330353637
35643165653565383030303161653961666238613330386462393062383061363330303537386363
39636665376531353933623262353762303232333661353132383430333535643530333039303239
34356130353961393363323733333835643162346430623031353162383834363565643130363366
66653030666534313765633566353665333335393264343564336632643238343765633866366364
30656334356231316139346338363761383830303034663661643737323163666361623934363535
34323531306332306566613363386335336466623865353636666163636330653166303962636132
35366536356433656635323766386334666539363561373165343761353038336135366438346638
39386364623565613939343132363762366234353263356232653062656235653631333934373863
36313664653539663331383735663536623761623366346337626637393264336233636237356238
35396366663236333063656366336633336163656265623366666465393537613638346530353535
62313836613039396531373835316161323966353230636636623662653834323064653764323530
66363939663965623863393133643335303961363538306633656330356534623766663531323965
33323062316639393861323930363765313930323130303464663130316237333066383535396633
38333636643335633539346363383034306537313831623161313035366365353165323462313932
38323331376461623736303234316537656237313866663563383165353765356432643238643831
32386435633735376539626437386666316531653536656564643735363665616464663463343865
39343332383538653037376437316135643432323534366135373936653534653339663231633932
61633166363363613164346232616561303839353038363234333261336633303234613235353134
32616465646437373639343932613433346431666136653138303031376230383362363439646635
30626233633466633161363466666264356166303736393338633835623462313330326338303363
32303436353161653433633231323566313430346337636238326666623736616133396235633533
32323038656336633462393931346433633136383839356636343434346464336130636230303832
65653236323863313835626561656166663630383463326164353335656562373038666461663534
31626237366335613737613430643733393833396564643439633266623134323533366366636364
63336339653631636331343237346631323765323631323339656431353433663261633666383730
35623130626136396233326339356562363834656136376635356562316631323437376365303433
63653932626232633737306535386433396262383064656133636235633566656462313932363739
64366334646361616266663638636566663165663936346539383837663331373539653862326665
35356333633064333262386432323865396163306663626137346630366232363236363536336361
61313531646238633461323361616366363937343561343533313865356331663038313165373331
36393665343166323932656130643737343635613834636233383166353162333633393535626236
62613639346662343833343936323935626664653261396539633862663736363862346530393538
38626364363363306537313735616137653538663739353038616338383039393064636165656537
35366539363164363062346538653639326465646635383330346466316463393131373532653231
34386531323335303032626437326634356330353439303565613366666338643265313761396662
30643362363233316135636234353962363966396432363831393531376637303765343262616638
36626134363665316263663732386138306563626635353337316235363935383966613630346233
35626462623464306537653965376232663032386433623461613238616137363935666161303264
63353332323066623336336162393837666634613739326463313463326638306337316164376338
64623230646166376336343265326538636638323538633132356334633636393164356137353265
61646138316632353536323533636633653831376232376532393039313836373430393862343861
34353563346664633838653662396462623436656536643932313734393162303164316436356361
33663135346464343838323730613065666562333331643865323063643933356562336237653239
66306234313336323738366634626238376436663831663834663038613732623839313333343731
65643261393433363166366163303362373837636331636462373830353939646666663866643037
36613765383135383036363930336539303064383839346431373762666666303439343931643837
34393962303634373437363238636338373966386163633366653336316131663936633066373065
35313330623531383864626533653861633531396336336539383938366264333664366637313635
35623831643239613635383334396135393934653766326538323061313031313763653138313534
65653533313938393463653232623862666130343033613039333064336664343831303235353239
36636335626562616639656537396132333765303637653330346639373466666139343331316363
38393537313832666138383033396163353938646231653766396562353131653938643639613362
39326330396564393739346335303239313062386265303961616230393763386564613965616231
36353335626332393061633835353662656465303532616538623362393961316535303263616434
66646431623465376233613961373439653136666139306536623630343462383663383331323134
66303239656532663632326334353031326162656136383235653030653961633764313639663761
38343062613734613633313339323832623936623238366162633737653934326434636330306336
38303532303231653935316264353138333665653363323361396635313963343738643661343036
34636539326262343063376161396631306431643563623666656434663730623935613464326165
34396239363034313636316361303439396536346636373930383264356233663962363161376636
37363765396332336632663133323439373966386534373538333461383832363437306664373966
65633661633733666562663232643466333832363536626239656231356136383332633565626462
34336634323565316437626636383563323331373235346233613837396363353230323533353638
37356234326532613636356563356232656637636661343039353032313234393731373939353738
66323832346131643162616235643637616230636664636337646461616134346465383837666462
66393839313138376463386464663563393737303436383432336366633932323064313765393464
30363438623863393138643563343538613666636165336435343439356661343836393461336162
39363863643561613665633131393562643834316535336531613162653937373039663932653965
62356637393836663039346639646662323436643134643163373733613631373734323633616632
36363661313665303731636538343530376565643163376337353963323565343762373862313035
31323263646131323766613534396338613266383066633763306536373838386331323864356531
30306635363039306462303966656630663534646161646639313265656138653331346634633136
33336135336263656237306433363065313461613066366439633733393765653238373230643737
34356366643936643064353733376263613862613835366631393333643639313830636666363531
35656334383461356161643732373861393661343431633365353964376364343037366564653836
61376231313930306564623536633163313364653865326338616436396333383639373034373066
63383832316562613631353364383337393261343962383034323437356664636264623439373834
31623531323332386230396266373165303463316231666130383939623637313063393934323030
38666662323439383964303937303363613830396466653339326562353661653933656236653336
34366634383562313738303630633365626564386236383233656338353439393663666638633966
34353163633766373533333031663435376334333234393538336333366535396139373963316233
36303739613263336539313964303166316535356631616130663361346437383132356337343162
34333937353435666132623762623232366631636165316535356239323061353431663038343331
36323063386664346361663163336466383237346631396335333036323738333065393837643332
33303639316531333736613530383432663336653230376664346463366632356533663438316634
64376232323936666434376138636461326462313063636538636234363764393463383761633331
36346462663930343866653537666165656331353336353834383434616661346435363137383030
38326137373161393630323536396630663665626335366337626533643564376365306337666238
33663232333230333131306233363031663634303262396237663439393237333831633638646562
37623464616139376133363835396535633133353630393133316635623566626233646230636333
66623130663265613261313632656635363764636334393332663736326162323431333631353866
63623332316536663063663638636162613739663762383030393538656136393136616131303330
64393838363236653732383136316433646133336431373932336238336665363363346539616232
62376661316337616435376333353734303538646130323731353564333734386436656566643134
62333066306339636335346631626437613961383439656236303537313061626265646164616138
63323633316135633064633336316630633164383838306661633331373732373836633637326437
65626338623935613235323934343365346234646539376239623865663763303338313164653363
65393765636533663531643030336630623862313762656266373762613464383338633063633035
65336539323064666232366663343832333163376163616637326663313366386635626139323036
66373463383262623632626233356466643661643133646661373233386338336636373264643235
32306266313732313233303030366361643936373765303432626331383434383838343331373735
39343031393463353464616139386433333663313461313462363663623061353536376562323766
33323263393566396336613764313434386136623261323939613964323932623164386631326462
37363932386263336538653930306566666664633133656338663461316265336164626230333965
62353937663065663336646236363033633333396234333939313431306264643333333936383262
36306238336234613361303164353335616335303762376630343932613530316364363864313832
37656332343434633039373462366236383561393064393130646636623435653861643336333061
32316664356430356537633361663365386362623063393837383162653031383633633038373562
37383439663535316239616239333933306462393237323734653837643933383463316463656631
38326435623833346666633231303332623638353465623436623135646564306665353932623964
63306164363763663663356162333961613730633532303966633665376665353161343037393461
34363031613439313337313035623435636438633138643034626236323364396239383139353764
31323561636161633233353031383634303433303733386236323331363435346265353439346663
62626538326465343866616538303531363737323839303437613733656630376661623361373538
31343839313238313136666230383338303130663136336431646132323236363265616631373438
39303836616264636362303031363337666330623937353038383334653039346436363466616162
62326166623131353534306638376162383134633138346663386664373935393738396236336565
63656234336366643532616439323161393536643163633331643839343437643839393462636330
34343337613463623061353663623337623663343933666437376334663331666135316334343934
66383861373962616163336532383362326530356235363037613436663232326364323030316336
37396535323666373266343035373631616261353366343836373734643335623366623437343432
64613935666138383632323533353263663235333365363531643637363231376530336334386330
61353131326561356437363934336465616630343963396638393339626463386639653364616466
36343138393334643065646134303431333635363766323865306438383062333136366133343863
38656162313437336138333334623665626466323034336665633934643438316632393130626561
30613232663264353466643830626639656331393966323839393765306166663838626137643765
32303131306331633232633764626231656563653362366663616636323638666662633036633234
32636336353661653430393534336430326666326233326631313839343962393839373632656264
63643236353962323134623131336134343233386135353334353632663438373437663030303238
38626432666536323837303439323939613537393933326434323830613236663033393333616434
39393539303964303361646538313630313536346531393638633338386133393464303938316138
64353632353631343062386262666233366239663332376232643835313738373032343463643962
31386161343139303431316239393838396439623533643639376234636237333362393334633634
31613364623439666637643861616333353037343764323865623039313633653731613661343636
31363763376337383561336433636465316264356339346362396635326232366534396364386632
61346364333030303935653166393634626239326361643838323763396262323034316636326330
63613239326634323134356533313531383861383864323864616134376137333131393835343834
39316133346330383335366130303835326631363331303163633531663932323064343737393437
64393930663666353561623762376565313338346330316663666662643735353138613366313566
37343131623937373333316635353564353764353763656561383437353664323665653236363239
63383135303234643263613633313864386338663966663364366666333431393366613164316639
38393362643332343161386465313164626462613433636238633136316332366131636530373361
38366338386331623139
