$ANSIBLE_VAULT;1.1;AES256
33323262386631346236626536633739346266666663373164666335373335303638313339313536
6565663164326666623430626662393532656361343031360a356434313063333935356662616630
63343764356432643533633633613165326230316436313730613431373130613337353165316535
6364366465313639300a663033663737393038633061353737613962373238393534393337336462
62653261643038643231316239363464313163353937626264626662383838623533616462373239
33376261353164333533353663303939616339623536633832343561306135316165643461643039
34336161323539633331633631613430616465656435623537356662306136346263306565653133
33366532323461313861356332613734343336313235623533343431633336636234373439333838
37636234633639636535636638633866383465353634633935636432663963346466363562613863
32633230333232393535333134633763653730633537303739633263303566323861363632636263
36313161376538623663306265666630363465623235343834383034623063373835623037333663
34393064373835656633
