$ANSIBLE_VAULT;1.1;AES256
34646232633761396232623538313065613037323535313639336538643031393065373234386265
6236646365623530653133623438383766666538303738330a376638383034613537656637323037
61616665396161353137383062633138643933643365623334353434633366396537383937333632
6336663436323765380a633633336466326466613537626536373232323532303637343761313237
66376439646161346161363639656564653039643336396662333465623432336464376437323032
33333631353039356330383236313536356538356361643532666135333137343265663766666362
33383830386633383064356637303364326635636263306666303731346532346638303136343937
33636236636133366162396538363431653864633161336430383734646661633136666133346138
34373530313630363632653764363830383966613762663762326534633233343035383737336362
62326433393430643831353633653738656266356235636630333564396264643932636165396663
39666163646331376665626333333131353362383563333339633632643465316364366634643865
31363534333864643435316639616435666363393032653131653630376535306534333134643963
34633434383737383463303438353863343964313365656235376132313531353861376536373231
64366564663162623735663165656464316136316437373364363935383330646630336562616562
36336232366135393832313639303132663365366433386538636437306663303263616364316561
64393039303164376438626435316638613631626436653835346365353331393536303538303038
37383730613564383665393536346433363363633261353162396563616138376636343634383734
66613566396662353338663763326664323637376266636637656635666534616434323434353933
34333231643436393265353935393738306336373764636565653265386130663066376535363538
63373566306430343461663031313666303363613232633464663665633632393138613636353731
66306631633161333233323331663638616266306366393363383864623034613038653938306632
63366361366163346564643336653461653261653666386666653535623863666166376230643261
38343166306133383563393731613236326664623135363634383334343238323733353631623432
38663331336338643566323139326662376435323433633363326666313564633430303536613666
66386639396561356234353262313538343936396166626561323063393362633065316334356464
33396163396430666363313539346533366466383930616361376263613335643366353461356666
39666637343830323863396165376165366139643638303230356536643635636638336161323735
32633338363939363865353864326430343037333237306664373231633863313561366635373565
37326233633661373735363263373433613034336334383437633165313164653735353131656539
36646263396139663565393634616364386565343066336439623861336366666365623730326364
63353638313635653636313365383435663632373230356438343030393062383538306664636630
37613636346664323337323232306635356435336236656539326135626138613934383763633933
30323335613866373163663538323131323566653266613361323239356665623361376136356662
66366135396364353139313831643630376463626339663963663232326336613839376162356235
38643130636563616633306434663465316366353465383431333661323265363361656233623833
38666633656139386533343730306561666364333836616230316263383037653061353965346638
39363764323734653836613330383662396139396634626235393764353163663935626438636331
30343937353465653366363464346465626630383064383065353030623061653738346365393732
32363162333463333963393332623339303037383537383031373966616264656562373066376463
64656236376632636332326231343232353966643066666461613139656438306261643538633033
39613937323830613065646466373865306130396135323662363832326363356362353830646266
62343762633238376532353735386166643438613132363065383862306532383362623933393334
32316165633961646265613839656166353532373335653365316130643236666331663531343363
62613563363437303864376332303764383031376566363639323036353638623035353534646461
36353139386236373533303033306164663863306362626463386161336630656365356636613333
34383933316462643836373637633439373032653065376162663735333937393662663333663537
65343464393531613731643438313766353234633635653535373533383263643365383431333531
61363239666236623566613062336632343466643735386230386566383238376366313963396539
65336436333235656262646231376361363965613536386462663263393335663064323538616236
65656663613461626166646164626564393233373035386263393039343238623938626332336232
30303032626232636530343261653861353535336137303537626562383937396463393531653163
62646161656332623561663534663832373730666539646131346331316437353765666437326637
39346562313165303537363465303236623531313133383466323366343262313130346135353063
35373133386632316532323734636565313864373339323434376166333630623936643564353635
33333437626137653033396632383138626165343037306239663531663264636661303639303561
61666531663930616630613761373265383537363562333433623736386164373734346536376231
31623335346132623165656130346332646431646235303561373531616461363837626633326438
66323338663764646336303964333661343838386234373831326635336438646562633864626232
61353030343466373065366663343163313830646133356665333432643665636232373131616366
62653066313435613932656334653335323039666534336631636365646262303966366636356439
63623430383037373034353064396330636137646435323534343865353934303132613839626166
64643938613664643732393062313661666634646430623530353863376438633136383436653066
30303864353637323664306365383734363830393564613666336466663663316163346665343530
36616563376434366530666362353361363835383661323235363834303536646536376339323465
63326331616562333861666365646166613331366664313564383365306533333235323363373465
64346463326666653838323262653937316236306463333734366236656138306434353638306463
36653461326461383937393562356539643564383233303032333434633338316432666533643838
32326439336530633732313231306537333865316635636161643964313433396562333336653139
64623031386132616432623731373839363035333037353531336439333635303536373361623966
35653134623062643165303238373361333438323731356362383739613765323539353864366565
39373634343164366235336266386138343533623835393235393634366534313564626565396130
62353331376139666533346534383439326564323564626439363730626231346334666332653863
32636434323239616164366132653766616266326166653564303333663766373666643361623732
62613861346238666361333465313831303838636536326530386366363262313637636338366334
64346661616131623430666437383761623936616134373234326461643565333961393366333439
32666466613737343832343664643231333261323864626539653165316235643864383430663934
39376639326562316534393861386239353433303333316430613530623833336233366365313937
62393762613464656333323535313731613638376137333361376239306532396364653630613639
63326436346437633261613134616539643130653939363663363863616162326331323634343638
64663238323465383531343664663466613430643463306431343435333662363061613039653964
32626138323230303638373939396339396535386537666232346238393530336333663361646133
33613566623936646432396565353033346531356663626261393430663431393161653936306565
35613832363064653332363664396235333839646132303035353235366430383133393261663363
34623566613132613534653135643563366636383064646435303665396231643862383137383932
33623133646537613035616534653535656433643134663261313532623235356464646332393864
33306365393663373838616666363062646138326132633239363237626635326664386362306435
30353764633531313865653261376135376465646165383132383236316233373934663032303065
37356161306632353066303230613339653761316131356338646536343837343338633039653962
65623134643334616131393936363061366338666238616136373239653436626135316463386636
32323563336334653538343261396531653461323030383636646439343165623831306533633139
30313034643835646137333861363337303561623136613932356532346335343462616365363166
66343032386133356466373363353034656664303334653865666137326532373064366161313736
33646365653633333666353136313336663161383661333963633638326264613035613539613164
33356132636439303434343033393736376439613038353135643366376230643537303663643462
35376262393836313638396161623034656665326263303763366237323164623630353236633466
62386130366432633465333032373634326562346365393037656530663465383438663838663539
36383431366632613334623734656634653431633965646362356661326464386233373464323833
38393139666562643932663561623564386636656231656665373164306537326236383465303832
61396261626235363766636439333362633836343033653835616136633632343262393231396530
38636334336661393564643865633932356563643066633665356539306537376266656561616433
66373630333165653630633539653862333436663431313064393530626639643265316537616631
30663836633637393566333865303566613965643736623430333832663938633966373365346138
64633531303039396232613963393735663865333435333366333966373962313030646338336134
31343631313035613534303433306635316437343539663466333765656539326435313330383761
33613964373739303261373831316436323634626362626166383361626665663638353364663931
66356232636532396636643834633461346538616530666462363736373238333839333263333633
35343632386132353262326331313963646532383436373962663130643837373664306630353633
30326664303831323439643339663962343866303636363637396436393566633035373063353263
32373234323837386132623336663466356133633864623334363465356435633834613461386166
36643033616137366661633331663061393963653831306434333930396263393933303363643532
62386362626533373430666366643163366264323062633164316561616536343735643063313563
30343637633337643035336662303537343765326566326462613434386637333735343739636338
64386236356362376136356638353137366136313031353033616536643836336463353030393832
34653464633538616631336232666634646439336139616338373866626637303334316332363030
61653066326266353332366439636562396437303232616134306533386231383737306463353130
65323733396362626563613732376465313864656161353863653966643639323733653761376133
31613261663439323834323634333266366431306463623337356365626635653439626336366162
35333730653862623733333530326666653534303230373762383836623565623234316133326438
30366663653835663336343333376465653736326238613532346662623466656234643035383937
31343136323862323461616334356233333463366436643334633736386136316338303131333532
65363465336338366665333934343565383061303833373438353536653462363161643831306561
30323064353632383633623838623663613963663133343135623931613665303566623165326534
66353561656264386335313838393538633531353364346335376165343131383961656239353034
35363232343431306135373933656539383064633034666433303463346165363236633537666534
36643734303532396133633564663564396335643437643637626361356133396364656436383836
37393762333739663739366531633763633164396564373165363033646537366639383235653839
64356533373566366235383165663133623930323364643937376331313865353537353838323565
64623239656262346564613632363838343563326138366337663539383037396435663932626561
38306631393661623461356230613833653334626663363236633533323535653030613662393433
30323636623762373564343932633136626332653365613236643239303535393865643736356539
63646663363762363435313037316637356166663032626532383236383930343337613139646132
33303832353864363235313564636538353331653361336463386131303735353334343633386563
31333562386461373161326161353937353038326637353237326431333439346433386637316435
61336137336363643037356166326437396665653334653930393566653462623764643264366536
62356637303038336130313665363534353031313334373735623634666133643634623630656563
39306438653861653161373935393233346336393735653733373831313438653661353539373837
63653236356531383237373733363739393534383265643137383634643936623135323462633963
34636166353966633130306132363561646238383164346334613433386162376466303365356635
61383663323937623664626333663466643737313336353139323961333238343363326563666330
38643130303666343930633663306437373161653631346131643830353563303563643563623066
35393336366163656237386537313937326265653165346631653832316663623538316330613263
32363932303966353965626665336332363535356562353234656231643932636130656463656639
36636137373863323132646164666430313466383366343561616532616161383138363430316635
31313166363564313433383630623061316135363463316361616166666131633964353664323039
63393763306437393738353664663166396538633430653461386261633738303936313836366435
35333365646134643863373334303331613133343935663038356465313064666532626662386130
36353334373961643434316163353936616639383137633462636165646562343164626461663463
33353765346563326536346531336362363130383234366365353331636432346535373062303663
30653139623937646361383761616265653861303534393334646333363436373666313339373638
37646566656134336564626632653730643336363433356137306562353939383765303439373530
65643836373838386565333835613032613139626465623030363664326161666133346139346636
37636666626362306632643038626364383362396663323562396561306234653363653664363763
64383864363637333338646566303131653832613030646562613732383233626132323864656438
35643730653162343737653236643136633538303364653638373736623963316631623331623633
61343436303737326330656362663261646363303263646635666337393664313335316538313964
37383065366130393835623761333766323637396633366538333639623330653530303538653131
33353062316532333862346632353661633339333737356563393531633032306433656463386662
37366135666336333734383266363330333330616433636536366132636263316232643562346131
32626262323431383636653933653666316137383464306162653438366134666265663436383734
38656230306437383335343263663364333163336363333430383265323139623964636436613166
61383165323631636361363064336566383432616461343662633436333037396434306330663263
33306166633632363065373738626331323133623863306238313535336462343162663033313230
62313066336263636435373135383735626665636334643830316136383163383032356133343031
33373162646131353564613830333832653331616131646163353231313239383339346664396333
35663864656466626661643637386262303365353937336132626336646238633433626464393465
37633836666638333039656461303732396238306263346435336463353432363136636461313137
30633937313265373365383134623366393336333733653061313862366632313363646133623032
38666663373831633331636232346439653138333734613439386430376264323438353161623464
32353566383337323464386539663237316433386431623663653763316664646237353161373633
64636461346435303662316335386366666165623333363430316232313330643635353237316364
63666635353930653230323365376461623566326638326337623334306430303265326461333439
33323264643866373231386466303866376530396134636464636133663432313265353036613462
62636463383766666262383965633630623337303233626265323035373364643730646433353161
63623733356432623366323664623735336661616266633833373936313365303866373331373934
30623939363837613732393638373662333637383166353962346638393963306131373561656266
61386131653562646362356330653465396463373033303739623434636334343538623030363539
66383561396237383461343061343736316136626234346338643335633265376535303963316533
66316462623563646239396364613362356237366166306135663564666130323835326633633765
34366231343966316664393338383538383035663636316138316465646665616635343736383035
66666234346534353932386463366330353861626334663661353639303931333138616465323833
3834
